,fly,treatment,trial,iteration,body_length,limb_length,L1_swing_start,L1_stance_start,L1_swing,L1_stance,L1_period,L1_duty_factor,L1_step_length,L1_pull_back,L1_stride_length,L1_stride_speed,L1_AEP,L1_PEP,R1_swing_start,R1_stance_start,R1_swing,R1_stance,R1_period,R1_duty_factor,R1_step_length,R1_pull_back,R1_stride_length,R1_stride_speed,R1_AEP,R1_PEP,L2_swing_start,L2_stance_start,L2_swing,L2_stance,L2_period,L2_duty_factor,L2_step_length,L2_pull_back,L2_stride_length,L2_stride_speed,L2_AEP,L2_PEP,R2_swing_start,R2_stance_start,R2_swing,R2_stance,R2_period,R2_duty_factor,R2_step_length,R2_pull_back,R2_stride_length,R2_stride_speed,R2_AEP,R2_PEP,L3_swing_start,L3_stance_start,L3_swing,L3_stance,L3_period,L3_duty_factor,L3_step_length,L3_pull_back,L3_stride_length,L3_stride_speed,L3_AEP,L3_PEP,R3_swing_start,R3_stance_start,R3_swing,R3_stance,R3_period,R3_duty_factor,R3_step_length,R3_pull_back,R3_stride_length,R3_stride_speed,R3_AEP,R3_PEP
0,CA58,g24,2_00-01-38,4,3.1732,0.0135638279835335,11.0,16.0,0.0208333333333333,0.0333333333333333,0.0541666666666666,0.6153846153846153,1.8628098112005396,0.0,1.7338336876707332,18.67847264483361,"(1141.0, 277.0)","(997.5, 245.5)",4.0,9.0,0.0208333333333333,0.0416666666666666,0.0625,0.6666666666666666,2.2125969585303804,0.0,0.8797780366713879,20.097686211597303,"(1164.0, 430.25)","(990.0, 417.0)",5.0,9.0,0.0166666666666666,0.0375,0.0541666666666666,0.6923076923076923,1.2647825948443263,0.0,2.0409077252750336,22.373072406344924,"(961.25, 218.75)","(873.0, 265.25)",13.0,18.0,0.0208333333333333,0.0375,0.0583333333333333,0.6428571428571428,1.3971954567299936,0.0,1.361814910760953,21.32488685092521,"(1074.5, 520.25)","(971.25, 481.75)",13.0,17.0,0.0166666666666666,0.0416666666666666,0.0583333333333333,0.7142857142857142,1.666366040733967,0.0,1.614442250973692,21.32488685092521,"(893.5, 324.5)","(762.25, 317.75)",8.0,12.0,0.0166666666666666,0.0416666666666666,0.0583333333333333,0.7142857142857142,0.7100515420382324,0.0,1.2508629423647883,18.70627178153307,"(888.0, 498.25)","(832.0, 498.5)"
1,CA58,g24,2_00-01-38,4,3.1732,0.0135638279835335,24.0,29.0,0.0208333333333333,0.0458333333333333,0.0666666666666666,0.6875,1.7338336876707332,0.0,0.7998873454536914,28.153973576730003,"(1275.25, 303.0)","(1141.0, 277.0)",19.0,24.0,0.0208333333333333,0.0375,0.0583333333333333,0.6428571428571428,0.8797780366713879,0.0,1.700338484697049,28.23198960923736,"(1215.5, 476.75)","(1164.0, 430.25)",18.0,22.0,0.0166666666666666,0.0541666666666666,0.0708333333333333,0.7647058823529412,2.0409077252750336,0.0,1.4973265026121712,25.74313042991597,"(1115.5, 264.75)","(961.25, 218.75)",27.0,32.0,0.0208333333333333,0.0375,0.0583333333333333,0.6428571428571428,1.361814910760953,0.0,1.5859378768944532,28.60356664078398,"(1181.75, 526.0)","(1074.5, 520.25)",27.0,32.0,0.0208333333333333,0.0375,0.0583333333333333,0.6428571428571428,1.614442250973692,0.0,1.8830165109408523,28.60356664078398,"(1020.0, 310.0)","(893.5, 324.5)",22.0,25.0,0.0125,0.0416666666666666,0.0541666666666666,0.7692307692307692,1.2508629423647883,0.0,1.5829700313974902,28.34333235117513,"(986.5, 503.75)","(888.0, 498.25)"
2,CA58,g24,2_00-01-38,4,3.1732,0.0135638279835335,40.0,,,,,,,,,,,"(1275.25, 303.0)",33.0,37.0,0.0166666666666666,0.0458333333333333,0.0625,0.7333333333333333,1.700338484697049,0.0031698413684585,1.14389118161328,25.79320782313407,"(1349.5, 471.5)","(1215.5, 476.75)",35.0,39.0,0.0166666666666666,0.0333333333333333,0.05,0.6666666666666666,1.4973265026121712,0.0,0.9326985540937291,27.31836895147578,"(1230.75, 239.0)","(1115.5, 264.75)",41.0,,,,,,,,,,,"(1181.75, 526.0)",41.0,,,,,,,,,,,"(1020.0, 310.0)",35.0,41.0,0.025,0.0291666666666666,0.0541666666666666,0.5384615384615384,1.5829700313974902,0.0,1.6318526854998898,27.07782343185973,"(1107.5, 473.0)","(986.5, 503.75)"
3,CA58,g24,2_00-01-38,4,3.1732,0.0135638279835335,,,,,,,,,,,,,48.0,,,,,,,,,,,"(1349.75, 471.5)",47.0,,,,,,,,,,,"(1230.75, 239.0)",,,,,,,,,,,,,,,,,,,,,,,,,48.0,,,,,,,,,,,"(1107.5, 473.0)"
4,CA58,g24,1_00-00-27,4,3.1732,0.0135638279835335,5.0,10.0,0.0208333333333333,0.0541666666666666,0.075,0.7222222222222223,1.4672803392175953,0.0,1.2648156945380686,16.310901868211246,"(1142.75, 568.75)","(1063.75, 650.25)",11.0,17.0,0.025,0.0583333333333333,0.0833333333333333,0.7000000000000001,1.8004205486499631,0.0,1.1720947081763162,14.195839175151756,"(1162.0, 754.5)","(1023.0, 763.25)",18.0,22.0,0.0166666666666666,0.0916666666666666,0.1083333333333333,0.846153846153846,1.3798180194112235,0.1066973513658697,1.0652542031743408,15.158740918000138,"(1112.75, 501.0)","(1012.0, 465.75)",5.0,10.0,0.0208333333333333,0.0583333333333333,0.0791666666666666,0.736842105263158,0.6173272093294062,0.1056645340710718,2.2275333799003305,16.109061073202046,"(922.0, 748.25)","(876.5, 762.75)",11.0,14.0,0.0125,0.0583333333333333,0.0708333333333333,0.823529411764706,0.731273122269468,0.0950491950945146,0.7556054225883176,14.349764175701962,"(906.0, 488.25)","(849.75, 494.25)",11.0,19.0,0.0333333333333333,0.0541666666666666,0.0875,0.6190476190476191,1.0830334478965655,0.0,1.31448826336577,13.519846833477864,"(866.5, 684.5)","(782.75, 686.75)"
5,CA58,g24,1_00-00-27,4,3.1732,0.0135638279835335,23.0,29.0,0.025,0.0791666666666666,0.1041666666666666,0.7599999999999999,1.2648156945380686,0.0,1.7008966371083514,16.01081774456572,"(1240.5, 564.5)","(1142.75, 568.75)",31.0,37.0,0.025,0.0666666666666666,0.0916666666666666,0.7272727272727273,1.1720947081763162,0.0,1.4543537670366795,19.672789236369727,"(1252.0, 765.5)","(1162.0, 754.5)",44.0,,,,,,,,,,,"(1121.0, 500.75)",24.0,28.0,0.0166666666666666,0.075,0.0916666666666666,0.8181818181818182,2.20013499844837,0.0778313182956441,1.3582086035641796,16.643065447746576,"(1093.0, 769.5)","(925.25, 740.75)",28.0,30.0,0.0083333333333333,0.025,0.0333333333333333,0.75,0.7206918641531943,0.0679440646665092,0.7100044063962947,12.939514681828047,"(964.0, 495.5)","(908.25, 495.25)",32.0,36.0,0.0166666666666666,0.0291666666666666,0.0458333333333333,0.6363636363636365,1.31448826336577,0.0,0.8251588124103733,20.331244183749902,"(965.0, 709.75)","(866.5, 684.5)"
6,CA58,g24,1_00-00-27,4,3.1732,0.0135638279835335,48.0,,,,,,,,,,,"(1240.5, 564.5)",53.0,,,,,,,,,,,"(1252.0, 765.5)",,,,,,,,,,,,,46.0,,,,,,,,,,,"(1088.5, 773.5)",36.0,41.0,0.0208333333333333,0.0458333333333333,0.0666666666666666,0.6875,0.7182676070082656,0.0,1.0259430584618654,22.456729491643557,"(1015.25, 515.25)","(961.75, 500.25)",43.0,,,,,,,,,,,"(965.0, 709.75)"
7,CA58,g24,1_00-00-27,4,3.1732,0.0135638279835335,,,,,,,,,,,,,,,,,,,,,,,,,,,,,,,,,,,,,,,,,,,,,,,,,52.0,,,,,,,,,,,"(1015.25, 515.25)",,,,,,,,,,,,
8,CA60,g24,1_00-01-05,1,3.1511,0.0136862937242868,2.0,9.0,0.0291666666666666,0.0916666666666666,0.1208333333333333,0.7586206896551724,1.7737917686117997,0.0,1.5803139458109317,25.59353704453475,"(939.0, 613.25)","(1028.0, 719.75)",21.0,27.0,0.025,0.0708333333333333,0.0958333333333333,0.7391304347826086,1.9204917469204168,0.0,1.6761387579500022,22.7612039305218,"(936.25, 420.25)","(1062.5, 501.75)",9.0,15.0,0.025,0.0458333333333333,0.0708333333333333,0.6470588235294117,2.026269824051957,0.0,1.1106469636216327,25.43708846256855,"(972.75, 694.25)","(1110.5, 772.75)",13.0,19.0,0.025,0.0541666666666666,0.0791666666666666,0.6842105263157895,1.4850804236494732,0.0,1.6541883544768787,29.31708735840086,"(1104.0, 499.0)","(1219.5, 511.75)",4.0,8.0,0.0166666666666666,0.0291666666666666,0.0458333333333333,0.6363636363636365,1.0845164526329434,0.0,1.8215548773814607,27.349157184519825,"(1175.25, 769.5)","(1255.0, 798.5)",7.0,14.0,0.0291666666666666,0.0375,0.0666666666666666,0.5625,1.7065822606048349,0.072928406631095,1.5988288017013528,23.019741880511276,"(1200.25, 597.25)","(1332.0, 619.0)"
9,CA60,g24,1_00-01-05,1,3.1511,0.0136862937242868,31.0,33.0,0.0083333333333333,0.0125,0.0208333333333333,0.6000000000000001,1.5803139458109317,0.0,1.3348204787418836,23.869428980407907,"(821.25, 575.5)","(939.0, 613.25)",44.0,50.0,0.025,0.0416666666666666,0.0666666666666666,0.625,1.6761387579500022,0.2131365191851074,1.371213222884416,20.51312644643116,"(819.5, 360.5)","(936.25, 420.25)",26.0,30.0,0.0166666666666666,0.0583333333333333,0.075,0.7777777777777778,1.1106469636216327,0.0,1.8333833617080408,22.711080955310727,"(886.75, 681.75)","(972.75, 694.25)",32.0,37.0,0.0208333333333333,0.0583333333333333,0.0791666666666666,0.736842105263158,1.6541883544768787,0.0,1.6866059234123445,14.551032709462554,"(1002.25, 419.0)","(1104.0, 499.0)",15.0,25.0,0.0416666666666666,0.0416666666666666,0.0833333333333333,0.5,1.8215548773814607,0.2076783477749661,1.2710885088682524,28.72119216326913,"(1041.5, 720.25)","(1175.25, 769.5)",23.0,32.0,0.0375,0.0458333333333333,0.0833333333333333,0.55,1.6717570789559637,0.0804493412571516,1.5477938876257686,24.1243848576586,"(1090.75, 536.75)","(1205.25, 600.0)"
10,CA60,g24,1_00-01-05,1,3.1511,0.0136862937242868,36.0,41.0,0.0208333333333333,0.0458333333333333,0.0666666666666666,0.6875,1.3348204787418836,0.0,1.0019683554926249,12.218722475253012,"(732.0, 521.25)","(821.25, 575.5)",60.0,,,,,,,,,,,"(826.25, 375.75)",44.0,49.0,0.0208333333333333,0.0416666666666666,0.0625,0.6666666666666666,1.8333833617080408,0.135742694746364,0.9467924754235372,20.3915065606559,"(759.25, 616.0)","(886.75, 681.75)",51.0,,,,,,,,,,,"(1002.25, 419.0)",35.0,42.0,0.0291666666666666,0.0375,0.0666666666666666,0.5625,1.0647721859519068,0.1040233404653254,1.2437617768193656,11.575835187423808,"(951.0, 679.0)","(1027.5, 712.0)",43.0,50.0,0.0291666666666666,0.0708333333333333,0.1,0.7083333333333333,1.6261054469363343,0.1334675163855367,1.5733113446635607,19.911708627030023,"(977.25, 494.5)","(1097.0, 537.5)"
11,CA60,g24,1_00-01-05,1,3.1511,0.0136862937242868,52.0,58.0,0.025,0.0333333333333333,0.0583333333333333,0.5714285714285714,1.0019683554926249,0.1212436799389762,1.580856467493423,24.78542415569912,"(656.0, 502.0)","(732.0, 521.25)",,,,,,,,,,,,,59.0,,,,,,,,,,,"(768.75, 620.75)",,,,,,,,,,,,,51.0,57.0,0.025,0.0291666666666666,0.0541666666666666,0.5384615384615384,1.2976826665685193,0.084351780170514,1.0630066479860782,23.62370086590904,"(858.75, 648.0)","(952.5, 687.0)",67.0,,,,,,,,,,,"(970.25, 486.75)"
12,CA60,g24,1_00-01-05,1,3.1511,0.0136862937242868,66.0,,,,,,,,,,,"(665.0, 505.0)",,,,,,,,,,,,,,,,,,,,,,,,,,,,,,,,,,,,,64.0,,,,,,,,,,,"(862.75, 653.25)",,,,,,,,,,,,
13,CA60,g24,1_00-00-06,1,3.1511,0.0136862937242868,7.0,13.0,0.025,0.0416666666666666,0.0666666666666666,0.625,2.03298940659117,0.0,1.2325390397020184,20.942375758177032,"(976.75, 300.75)","(830.5, 247.5)",14.0,20.0,0.025,0.0458333333333333,0.0708333333333333,0.6470588235294117,0.9806004234212248,0.0,1.3969601046227225,20.84737228644544,"(1002.25, 464.75)","(952.25, 408.75)",16.0,20.0,0.0166666666666666,0.0541666666666666,0.0708333333333333,0.7647058823529412,2.146315158408013,0.0849023949006315,1.254011092067581,21.31136043616237,"(923.5, 270.75)","(759.25, 266.0)",24.0,29.0,0.0208333333333333,0.0458333333333333,0.0666666666666666,0.6875,1.5210603212960834,0.1143383255942292,2.1500480041027883,22.00558223426423,"(932.75, 571.75)","(863.0, 478.5)",8.0,24.0,0.0666666666666666,0.0083333333333333,0.075,0.1111111111111111,1.5869175400162991,0.2114758630157615,1.7929876027355134,21.15957247577012,"(730.5, 316.75)","(619.0, 365.0)",14.0,22.0,0.0333333333333333,0.0541666666666666,0.0875,0.6190476190476191,1.585320848642514,0.0,1.4012358114995414,20.24092465699674,"(821.25, 468.5)","(711.0, 519.25)"
14,CA60,g24,1_00-00-06,1,3.1511,0.0136862937242868,23.0,28.0,0.0208333333333333,0.05,0.0708333333333333,0.7058823529411765,1.2325390397020184,0.0,1.072195800146041,21.33229253209297,"(1070.75, 309.0)","(976.75, 300.75)",31.0,37.0,0.025,0.0416666666666666,0.0666666666666666,0.625,1.3969601046227225,0.0,1.7342417808964672,21.56016016902261,"(1100.5, 507.0)","(1002.25, 464.75)",33.0,37.0,0.0166666666666666,0.0541666666666666,0.0708333333333333,0.7647058823529412,1.3389091731513951,0.0836370127083583,1.6592767381831366,24.25763361132047,"(1019.5, 271.75)","(917.0, 270.75)",40.0,46.0,0.025,0.05,0.075,0.6666666666666667,2.2640942160009185,0.0762333217730804,1.6793728049993293,23.511593691578007,"(1096.5, 555.0)","(924.0, 572.0)",26.0,31.0,0.0208333333333333,0.0541666666666666,0.075,0.7222222222222223,1.5871426282708232,0.0,1.3574371122339493,19.575824098637927,"(867.75, 314.5)","(746.25, 313.0)",35.0,40.0,0.0208333333333333,0.0416666666666666,0.0625,0.6666666666666666,1.4012358114995414,0.0619580646205525,1.999335960935161,24.139308669465635,"(927.25, 485.0)","(821.25, 468.5)"
15,CA60,g24,1_00-00-06,1,3.1511,0.0136862937242868,40.0,46.0,0.025,0.0458333333333333,0.0708333333333333,0.6470588235294117,1.072195800146041,0.0,1.496286904259727,24.62061522649392,"(1152.75, 312.75)","(1070.75, 309.0)",47.0,,,,,,,,,,,"(1100.5, 507.0)",50.0,,,,,,,,,,,"(1014.5, 275.75)",58.0,,,,,,,,,,,"(1092.5, 559.25)",44.0,49.0,0.0208333333333333,0.0416666666666666,0.0625,0.6666666666666666,1.3574371122339493,0.0,0.7294303180369995,25.9200896678907,"(971.5, 308.5)","(867.75, 314.5)",50.0,,,,,,,,,,,"(925.75, 489.5)"
16,CA60,g24,1_00-00-06,1,3.1511,0.0136862937242868,57.0,,,,,,,,,,,"(1152.75, 312.75)",,,,,,,,,,,,,,,,,,,,,,,,,,,,,,,,,,,,,59.0,,,,,,,,,,,"(971.5, 308.5)",,,,,,,,,,,,
17,CA60,g24,2_00-01-02,1,3.1511,0.0136862937242868,18.0,23.0,0.0208333333333333,0.0791666666666666,0.1,0.7916666666666666,1.5651149070108314,0.0,1.440983938488739,19.87605793928112,"(1349.0, 415.0)","(1238.25, 467.25)",7.0,12.0,0.0208333333333333,0.0958333333333333,0.1166666666666666,0.8214285714285715,1.5885502277467975,0.0,2.4249455844148726,18.919083672767982,"(1221.5, 598.0)","(1099.5, 574.25)",14.0,16.0,0.0083333333333333,0.0041666666666666,0.0125,0.3333333333333333,0.185351662258592,0.0,0.2586766151381571,5.213634756674835,"(1143.0, 319.25)","(1142.75, 304.75)",13.0,21.0,0.0333333333333333,0.0375,0.0708333333333333,0.5294117647058824,2.5590568808340874,0.2294353886121043,1.1552517409435472,15.366858820390432,"(1130.5, 623.75)","(984.25, 487.0)",17.0,26.0,0.0375,0.0541666666666666,0.0916666666666666,0.5909090909090909,1.0915065681740397,0.0587438357710385,0.7176861020080253,19.460435406890426,"(1093.75, 335.5)","(1028.0, 281.0)",8.0,11.0,0.0125,0.0583333333333333,0.0708333333333333,0.823529411764706,0.989979029895128,0.2723464760600863,1.5905926943541495,16.308625348538506,"(971.25, 502.5)","(918.0, 446.25)"
18,CA60,g24,2_00-01-02,1,3.1511,0.0136862937242868,42.0,47.0,0.0208333333333333,0.0708333333333333,0.0916666666666666,0.7727272727272727,1.440983938488739,0.0101042469263943,2.429225716948493,23.277721355960683,"(1451.25, 367.5)","(1349.0, 415.0)",35.0,41.0,0.025,0.0583333333333333,0.0833333333333333,0.7000000000000001,2.4249455844148726,0.0,2.0056968326111755,21.38160262699349,"(1410.75, 584.5)","(1221.5, 598.0)",17.0,20.0,0.0125,0.0333333333333333,0.0458333333333333,0.7272727272727273,0.2586766151381571,0.0565296269775493,1.7707098149085916,18.33104379819812,"(1136.75, 338.5)","(1143.0, 319.25)",30.0,36.0,0.025,0.0541666666666666,0.0791666666666666,0.6842105263157895,1.3819455551325004,0.0,2.2401391170221587,23.162133341664063,"(1220.75, 628.75)","(1113.0, 619.75)",39.0,43.0,0.0166666666666666,0.0166666666666666,0.0333333333333333,0.5,0.6664821321875756,0.0,1.244587308253846,23.23546224402372,"(1147.5, 351.75)","(1097.0, 338.75)",25.0,31.0,0.025,0.0458333333333333,0.0708333333333333,0.6470588235294117,1.5862058636320446,0.0,1.5286493406184665,22.07869618834777,"(1090.75, 537.25)","(979.25, 482.75)"
19,CA60,g24,2_00-01-02,1,3.1511,0.0136862937242868,64.0,,,,,,,,,,,"(1452.0, 367.25)",55.0,59.0,0.0166666666666666,0.0541666666666666,0.0708333333333333,0.7647058823529412,2.0056968326111755,0.0,2.06479488625985,25.820977715498483,"(1565.25, 557.0)","(1410.75, 584.5)",28.0,33.0,0.0208333333333333,0.0916666666666666,0.1125,0.8148148148148148,1.8149995247294533,0.1088260699012312,1.9843902354961116,22.79071462377725,"(1275.0, 329.5)","(1133.5, 341.5)",49.0,54.0,0.0208333333333333,0.0416666666666666,0.0625,0.6666666666666666,2.2401391170221587,0.0,1.9491849208175047,21.400098463163356,"(1395.75, 619.0)","(1220.75, 628.75)",47.0,54.0,0.0291666666666666,0.0458333333333333,0.075,0.611111111111111,1.244587308253846,0.0571582521634939,1.4218869177598248,24.037897491956137,"(1242.0, 375.25)","(1147.5, 351.75)",42.0,49.0,0.0291666666666666,0.0291666666666666,0.0583333333333333,0.5,1.5286493406184665,0.0,1.9656331499938449,23.846204489230004,"(1209.75, 549.25)","(1090.75, 537.25)"
20,CA60,g24,2_00-01-02,1,3.1511,0.0136862937242868,,,,,,,,,,,,,72.0,,,,,,,,,,,"(1565.25, 557.0)",55.0,61.0,0.025,0.0625,0.0875,0.7142857142857143,2.007398812833296,0.0031952434328161,1.9215929415301567,24.89960658912802,"(1429.0, 309.75)","(1274.5, 338.0)",64.0,,,,,,,,,,,"(1395.75, 619.0)",65.0,,,,,,,,,,,"(1246.0, 377.25)",56.0,64.0,0.0333333333333333,0.0458333333333333,0.0791666666666666,0.5789473684210527,1.9656331499938449,0.0,1.685150908673502,25.337175351287563,"(1363.25, 558.75)","(1209.75, 549.25)"
21,CA60,g24,2_00-01-02,1,3.1511,0.0136862937242868,,,,,,,,,,,,,,,,,,,,,,,,,76.0,,,,,,,,,,,"(1429.25, 309.75)",,,,,,,,,,,,,,,,,,,,,,,,,75.0,,,,,,,,,,,"(1363.25, 558.75)"
22,CA60,g24,2_00-01-49,1,3.1511,0.0136862937242868,7.0,12.0,0.0208333333333333,0.0583333333333333,0.0791666666666666,0.736842105263158,1.703655962661554,0.1087193921185596,1.6699304921041072,20.193732771872547,"(1091.5, 525.25)","(961.75, 504.5)",16.0,22.0,0.025,0.0458333333333333,0.0708333333333333,0.6470588235294117,2.1560456208613923,0.0,2.332037014980651,24.45011570198788,"(1090.0, 760.0)","(929.5, 716.5)",19.0,24.0,0.0208333333333333,0.05,0.0708333333333333,0.7058823529411765,2.2616258470560924,0.401827291622618,1.016498861545829,25.02020713189024,"(1079.25, 482.5)","(905.0, 490.5)",11.0,16.0,0.0208333333333333,0.0333333333333333,0.0541666666666666,0.6153846153846153,0.5928901734464284,0.0,2.423718081786784,20.050208804041123,"(903.5, 746.0)","(862.5, 725.75)",9.0,18.0,0.0375,0.0416666666666666,0.0791666666666666,0.5263157894736842,1.6345876141694515,0.1971658140837645,1.1436030651213078,19.417044356361732,"(881.25, 516.75)","(755.5, 525.75)",7.0,12.0,0.0208333333333333,0.0375,0.0583333333333333,0.6428571428571428,0.9605064152728516,0.0,1.0586785541755703,17.120290349639646,"(837.0, 688.25)","(767.0, 664.0)"
23,CA60,g24,2_00-01-49,1,3.1511,0.0136862937242868,26.0,32.0,0.025,0.05,0.075,0.6666666666666667,1.723844539622226,0.0,1.4156287250521389,23.273863871012303,"(1220.25, 521.75)","(1087.75, 532.75)",33.0,39.0,0.025,0.05,0.075,0.6666666666666667,2.332037014980651,0.0,1.4391242875573405,24.190769775858644,"(1265.75, 721.75)","(1090.0, 760.0)",36.0,40.0,0.0166666666666666,0.0541666666666666,0.0708333333333333,0.7647058823529412,1.4183091859411872,0.0394331628167529,1.375394606935083,23.309788031169628,"(1156.25, 467.75)","(1048.75, 488.0)",24.0,31.0,0.0291666666666666,0.0458333333333333,0.075,0.611111111111111,2.423718081786784,0.0,2.2308107787064224,22.18249282424289,"(1085.0, 790.75)","(903.5, 746.0)",28.0,36.0,0.0333333333333333,0.0208333333333333,0.0541666666666666,0.3846153846153846,1.1666153102451593,0.1273662617379566,1.664097401823012,24.260035118156,"(967.75, 499.5)","(883.75, 531.75)",21.0,25.0,0.0166666666666666,0.0416666666666666,0.0583333333333333,0.7142857142857142,1.0586785541755703,0.0512508129423418,1.6154724514178636,24.66081288619752,"(918.5, 683.25)","(837.0, 688.25)"
24,CA60,g24,2_00-01-49,1,3.1511,0.0136862937242868,44.0,49.0,0.0208333333333333,0.0541666666666666,0.075,0.7222222222222223,1.4156287250521389,0.0,1.798770656890657,27.74680284542951,"(1328.5, 507.5)","(1220.25, 521.75)",51.0,56.0,0.0208333333333333,0.0541666666666666,0.075,0.7222222222222223,1.4391242875573405,0.0,1.7249686739261054,26.51248580382877,"(1371.0, 686.5)","(1265.75, 721.75)",53.0,57.0,0.0166666666666666,0.05,0.0666666666666666,0.75,1.4128353536574505,0.1029618500163274,2.375776749931068,29.36888919933254,"(1261.0, 451.0)","(1153.25, 467.25)",42.0,48.0,0.025,0.0583333333333333,0.0833333333333333,0.7000000000000001,2.2308107787064224,0.0777932643998573,1.3185550347409445,26.88542420729459,"(1251.0, 745.5)","(1085.0, 790.75)",41.0,53.0,0.05,0.0291666666666666,0.0791666666666666,0.368421052631579,1.684903505622625,0.0,1.5757603984796795,28.06453448074671,"(1095.0, 516.25)","(965.25, 509.0)",35.0,41.0,0.025,0.0375,0.0625,0.6,1.6612664639091563,0.0,1.634667958020498,26.67027226829273,"(1042.0, 699.75)","(915.25, 681.0)"
25,CA60,g24,2_00-01-49,1,3.1511,0.0136862937242868,62.0,65.0,0.0125,0.0541666666666666,0.0666666666666666,0.8125,1.798770656890657,0.0,1.7467010908476417,23.532663392455607,"(1466.25, 491.0)","(1328.5, 507.5)",69.0,,,,,,,,,,,"(1371.0, 686.5)",69.0,,,,,,,,,,,"(1257.25, 458.0)",62.0,68.0,0.025,0.0416666666666666,0.0666666666666666,0.625,1.390414814071654,0.0,1.2420600416288,23.532663392455607,"(1344.5, 705.5)","(1245.0, 745.5)",60.0,67.0,0.0291666666666666,0.0291666666666666,0.0583333333333333,0.5,1.5757603984796795,0.0,2.058443459535574,21.94086430821177,"(1214.75, 495.5)","(1095.0, 516.25)",50.0,59.0,0.0375,0.0458333333333333,0.0833333333333333,0.55,1.634667958020498,0.1756938865238423,1.4020971066100838,24.80190308052104,"(1166.75, 681.5)","(1042.0, 699.75)"
26,CA60,g24,2_00-01-49,1,3.1511,0.0136862937242868,78.0,,,,,,,,,,,"(1466.25, 491.0)",,,,,,,,,,,,,,,,,,,,,,,,,78.0,,,,,,,,,,,"(1344.5, 705.5)",74.0,,,,,,,,,,,"(1214.75, 495.5)",70.0,76.0,0.025,0.0166666666666666,0.0416666666666666,0.4,1.2897661914979952,0.0,1.427729017556004,23.196485273808136,"(1272.25, 657.75)","(1173.5, 669.75)"
27,CA60,g24,2_00-01-49,1,3.1511,0.0136862937242868,,,,,,,,,,,,,,,,,,,,,,,,,,,,,,,,,,,,,,,,,,,,,,,,,,,,,,,,,,,,,80.0,,,,,,,,,,,"(1272.25, 657.75)"
28,CA60,g24,2_00-01-20,1,3.1511,0.0136862937242868,11.0,18.0,0.0291666666666666,0.0791666666666666,0.1083333333333333,0.7307692307692307,1.778833786653613,0.0,1.4943014488185795,22.823955790822765,"(1105.25, 591.0)","(1233.5, 637.75)",1.0,8.0,0.0291666666666666,0.0916666666666666,0.1208333333333333,0.7586206896551724,1.9974032585271395,0.0,1.7387162621372012,26.130829977149865,"(1197.0, 469.0)","(1306.75, 576.0)",4.0,8.0,0.0166666666666666,0.0583333333333333,0.075,0.7777777777777778,1.8342407344760772,0.0,0.1634112760085805,27.89286807453532,"(1256.0, 729.25)","(1396.5, 720.75)",24.0,31.0,0.0291666666666666,0.0791666666666666,0.1083333333333333,0.7307692307692307,2.029183384765508,0.1731859999869949,1.2585297984045474,16.494571888417124,"(1229.0, 382.5)","(1381.75, 412.75)",14.0,20.0,0.025,0.05,0.075,0.6666666666666667,1.252227102056182,0.2431169909081573,1.6894004351233334,26.401177089034963,"(1351.5, 711.25)","(1443.5, 683.5)",7.0,11.0,0.0166666666666666,0.0416666666666666,0.0583333333333333,0.7142857142857142,0.3587299000101846,0.0,1.7415462812884577,24.981360659681357,"(1480.5, 496.75)","(1503.25, 481.25)"
29,CA60,g24,2_00-01-20,1,3.1511,0.0136862937242868,37.0,41.0,0.0166666666666666,0.0208333333333333,0.0375,0.5555555555555556,1.4943014488185795,0.0,1.377783209611396,15.519311374507874,"(990.75, 584.75)","(1105.25, 591.0)",30.0,36.0,0.025,0.0833333333333333,0.1083333333333333,0.7692307692307692,1.7387162621372012,0.0,1.7263141936223052,16.68590217350886,"(1079.25, 406.25)","(1197.0, 469.0)",22.0,24.0,0.0083333333333333,0.0041666666666666,0.0125,0.3333333333333333,0.1634112760085805,0.0,1.7292350945773292,28.970476580262066,"(1244.5, 724.25)","(1256.0, 729.25)",50.0,,,,,,,,,,,"(1241.75, 386.25)",32.0,38.0,0.025,0.0333333333333333,0.0583333333333333,0.5714285714285714,1.5143559166905594,0.0,1.0490980530049856,15.93546679184953,"(1227.25, 674.25)","(1341.5, 695.5)",21.0,25.0,0.0166666666666666,0.0541666666666666,0.0708333333333333,0.7647058823529412,1.7415462812884577,0.094026269015304,1.607094762747595,20.308998658724263,"(1348.25, 516.0)","(1480.5, 496.75)"
30,CA60,g24,2_00-01-20,1,3.1511,0.0136862937242868,46.0,,,,,,,,,,,"(990.75, 584.75)",56.0,,,,,,,,,,,"(1079.25, 406.25)",25.0,30.0,0.0208333333333333,0.0958333333333333,0.1166666666666666,0.8214285714285715,1.7292350945773292,0.0,1.917191475242163,16.654125989560217,"(1116.5, 689.25)","(1244.5, 724.25)",,,,,,,,,,,,,46.0,51.0,0.0208333333333333,0.0458333333333333,0.0666666666666666,0.6875,1.0490980530049856,0.0,0.7205154410882324,23.21107258381076,"(1150.25, 650.75)","(1227.25, 674.25)",38.0,46.0,0.0333333333333333,0.0541666666666666,0.0875,0.6190476190476191,1.5676634996718888,0.0,0.9821656802788924,18.55882113293071,"(1227.75, 489.75)","(1346.5, 509.0)"
31,CA60,g24,2_00-01-20,1,3.1511,0.0136862937242868,,,,,,,,,,,,,,,,,,,,,,,,,53.0,57.0,0.0166666666666666,0.0,0.0166666666666666,0.0,1.917191475242163,0.0,0.3438502134380725,17.700473305063465,"(978.5, 638.25)","(1116.5, 689.25)",,,,,,,,,,,,,62.0,,,,,,,,,,,"(1150.25, 650.75)",59.0,,,,,,,,,,,"(1227.75, 489.75)"
32,CA60,g24,2_00-01-20,1,3.1511,0.0136862937242868,,,,,,,,,,,,,,,,,,,,,,,,,57.0,59.0,0.0083333333333333,0.0166666666666666,0.025,0.6666666666666666,0.3438502134380725,0.1164185407924681,1.1766133255902576,25.66465246198706,"(955.0, 626.25)","(978.5, 638.25)",,,,,,,,,,,,,,,,,,,,,,,,,,,,,,,,,,,,
33,CA60,g24,2_00-01-20,1,3.1511,0.0136862937242868,,,,,,,,,,,,,,,,,,,,,,,,,63.0,,,,,,,,,,,"(963.5, 629.0)",,,,,,,,,,,,,,,,,,,,,,,,,,,,,,,,,,,,
34,CA60,g24,3_00-01-26,1,3.1511,0.0136862937242868,18.0,22.0,0.0166666666666666,0.0541666666666666,0.0708333333333333,0.7647058823529412,1.68426385054365,0.2031275061155613,1.6165581393519963,27.32434765537387,"(1477.0, 279.0)","(1362.5, 340.0)",7.0,12.0,0.0208333333333333,0.05,0.0708333333333333,0.7058823529411765,1.5173828620972858,0.0,1.2858590414827755,29.696112238752708,"(1436.0, 469.75)","(1324.25, 435.5)",12.0,14.0,0.0083333333333333,0.0458333333333333,0.0541666666666666,0.846153846153846,0.8360496126347721,0.2660977515000361,1.8862277506632623,26.321824623627048,"(1289.5, 194.75)","(1232.0, 223.75)",15.0,26.0,0.0458333333333333,0.0291666666666666,0.075,0.3888888888888889,2.325539333929681,0.0,1.2742931539956444,25.46151159506969,"(1385.25, 522.0)","(1209.0, 554.0)",15.0,25.0,0.0416666666666666,0.0375,0.0791666666666666,0.4736842105263158,1.3860476956880234,0.1067592664696721,1.7263359337965194,25.29510384980226,"(1206.0, 270.75)","(1099.25, 269.0)",7.0,14.0,0.0291666666666666,0.0291666666666666,0.0583333333333333,0.5,1.9084104634512509,0.0,1.8072066608271729,28.894743965586382,"(1189.75, 483.5)","(1045.25, 456.5)"
35,CA60,g24,3_00-01-26,1,3.1511,0.0136862937242868,35.0,39.0,0.0166666666666666,0.05,0.0666666666666666,0.75,1.4138391656247775,0.0,1.9098919164214496,24.20376043254964,"(1596.5, 244.0)","(1492.25, 275.5)",24.0,30.0,0.025,0.0583333333333333,0.0833333333333333,0.7000000000000001,1.2858590414827755,0.283872072400648,2.1458175174892373,25.334669180803225,"(1526.5, 429.5)","(1436.0, 469.75)",25.0,31.0,0.025,0.0208333333333333,0.0458333333333333,0.4545454545454545,1.9970852032706368,0.0,1.430883691073479,25.53184407300818,"(1433.0, 217.5)","(1279.25, 212.5)",33.0,38.0,0.0208333333333333,0.0541666666666666,0.075,0.7222222222222223,1.2742931539956444,0.0,1.8896424169483597,25.005992668805245,"(1481.5, 502.75)","(1385.25, 522.0)",34.0,41.0,0.0291666666666666,0.0375,0.0666666666666666,0.5625,1.6240863379628423,0.0523333606933237,1.4118410266827088,26.768753053020397,"(1338.75, 263.0)","(1213.75, 268.0)",21.0,33.0,0.05,0.0375,0.0875,0.4285714285714286,1.8072066608271729,0.0987103784845851,2.0103986825434537,28.291490372389887,"(1327.0, 460.25)","(1189.75, 483.5)"
36,CA60,g24,3_00-01-26,1,3.1511,0.0136862937242868,51.0,,,,,,,,,,,"(1596.5, 244.0)",44.0,,,,,,,,,,,"(1548.25, 427.25)",36.0,,,,,,,,,,,"(1433.0, 217.5)",51.0,,,,,,,,,,,"(1481.5, 502.75)",50.0,,,,,,,,,,,"(1334.75, 263.5)",42.0,,,,,,,,,,,"(1325.75, 452.75)"
37,CA61,g24,1_00-02-03,5,3.3756,0.0147012990067802,13.0,21.0,0.0333333333333333,0.0375,0.0708333333333333,0.5294117647058824,1.247871652727282,0.0,1.2143971536732583,19.395090720202187,"(971.5, 564.0)","(1063.5, 526.25)",6.0,11.0,0.0208333333333333,0.0458333333333333,0.0666666666666666,0.6875,1.3583913145229267,0.0,1.2812589121557048,19.672500005889145,"(1014.25, 350.25)","(1122.5, 349.75)",8.0,12.0,0.0166666666666666,0.0458333333333333,0.0625,0.7333333333333333,0.9059406970531476,0.0,1.3231471161180552,17.529158077609036,"(1128.75, 601.0)","(1188.0, 559.75)",16.0,20.0,0.0166666666666666,0.0458333333333333,0.0625,0.7333333333333333,2.1217245050640763,0.0,1.336376418472381,21.14260678327625,"(1063.5, 337.5)","(1225.25, 288.25)",5.0,9.0,0.0166666666666666,0.0458333333333333,0.0625,0.7333333333333333,0.7362300889544292,0.0,0.3142770683748089,20.9520383754805,"(1255.0, 575.5)","(1311.0, 558.0)",9.0,13.0,0.0166666666666666,0.0416666666666666,0.0583333333333333,0.7142857142857142,1.0810038277125278,0.0548773435436503,1.024535588955976,17.24464954400691,"(1265.0, 382.0)","(1350.75, 373.75)"
38,CA61,g24,1_00-02-03,5,3.3756,0.0147012990067802,30.0,34.0,0.0166666666666666,0.1041666666666666,0.1208333333333333,0.8620689655172414,1.2143971536732583,0.143349972566383,1.203778954016942,11.07997394493487,"(915.25, 642.75)","(971.5, 564.0)",22.0,30.0,0.0333333333333333,0.025,0.0583333333333333,0.4285714285714286,1.2812589121557048,0.0,0.9548062026950288,19.166285381162897,"(960.0, 436.75)","(1014.25, 350.25)",23.0,29.0,0.025,0.0583333333333333,0.0833333333333333,0.7000000000000001,1.3231471161180552,0.0,0.4551540558856587,15.22333048611346,"(1031.5, 641.75)","(1128.75, 601.0)",31.0,35.0,0.0166666666666666,0.1166666666666666,0.1333333333333333,0.875,1.336376418472381,0.0,1.1626861739097285,10.240047259073071,"(964.5, 376.75)","(1063.5, 337.5)",20.0,23.0,0.0125,0.05,0.0625,0.8,0.3142770683748089,0.0,0.6493856874139642,17.888533022418706,"(1232.5, 586.5)","(1255.0, 575.5)",23.0,29.0,0.025,0.025,0.05,0.5,1.0478433267061331,0.1925951896290386,1.346336442283659,22.310258702575577,"(1184.0, 371.75)","(1267.25, 378.25)"
39,CA61,g24,1_00-02-03,5,3.3756,0.0147012990067802,59.0,69.0,0.0416666666666666,0.0333333333333333,0.075,0.4444444444444445,1.327287327687236,0.0,1.4914070601177236,16.021309193937846,"(820.5, 627.75)","(925.75, 638.25)",36.0,44.0,0.0333333333333333,0.0125,0.0458333333333333,0.2727272727272727,0.9548062026950288,0.0,1.063148878349676,8.514914354943338,"(932.0, 507.5)","(960.0, 436.75)",43.0,46.0,0.0125,0.0333333333333333,0.0458333333333333,0.7272727272727273,0.4551540558856587,0.1248955601933122,0.6287498248686141,14.987115556519871,"(1003.25, 664.5)","(1031.5, 641.75)",63.0,67.0,0.0166666666666666,0.0583333333333333,0.075,0.7777777777777778,1.1626861739097285,0.0,1.466492851577195,17.48446534169446,"(876.5, 405.75)","(964.5, 376.75)",35.0,39.0,0.0166666666666666,0.05,0.0666666666666666,0.75,0.6493856874139642,0.1853828201119347,0.903455004679985,9.290616711832902,"(1180.75, 586.5)","(1232.5, 586.5)",35.0,43.0,0.0333333333333333,0.0666666666666666,0.1,0.6666666666666666,1.4213132960879329,0.0,0.5906639791017876,9.74147990033717,"(1077.5, 384.75)","(1187.25, 356.75)"
40,CA61,g24,1_00-02-03,5,3.3756,0.0147012990067802,77.0,82.0,0.0208333333333333,0.0541666666666666,0.075,0.7222222222222223,1.4914070601177236,0.0,0.9714012197296956,18.386418562254644,"(703.75, 650.0)","(820.5, 627.75)",47.0,53.0,0.025,0.0666666666666666,0.0916666666666666,0.7272727272727273,1.063148878349676,0.0,1.1365978716150855,14.253305424141862,"(849.0, 524.5)","(932.0, 507.5)",54.0,60.0,0.025,0.0416666666666666,0.0666666666666666,0.625,0.7499378708363816,0.0,1.3317731198076015,13.522626889375564,"(953.25, 661.25)","(1013.0, 662.5)",81.0,85.0,0.0166666666666666,0.0541666666666666,0.0708333333333333,0.7647058823529412,1.466492851577195,0.0,1.0764878603206898,15.546595162531156,"(768.75, 451.0)","(876.5, 405.75)",51.0,55.0,0.0166666666666666,0.0416666666666666,0.0583333333333333,0.7142857142857142,1.080489323051154,0.0,1.2230659485816853,13.552396954726207,"(1128.0, 635.5)","(1194.25, 580.5)",59.0,62.0,0.0125,0.0541666666666666,0.0666666666666666,0.8125,0.5906639791017876,0.0,1.443641832977551,15.5845858653668,"(1042.75, 416.5)","(1077.5, 384.75)"
41,CA61,g24,1_00-02-03,5,3.3756,0.0147012990067802,95.0,,,,,,,,,,,"(703.75, 650.0)",69.0,75.0,0.025,0.05,0.075,0.6666666666666667,1.1365978716150855,0.2384217982775907,1.8136512606046944,18.57142639812802,"(767.25, 485.5)","(849.0, 524.5)",70.0,76.0,0.025,0.0541666666666666,0.0791666666666666,0.6842105263157895,1.3317731198076015,0.0,1.4442041414823152,18.117421810156184,"(847.25, 666.5)","(953.25, 661.25)",98.0,,,,,,,,,,,"(768.75, 451.0)",65.0,70.0,0.0208333333333333,0.05,0.0708333333333333,0.7058823529411765,1.2230659485816853,0.0,1.1718299882853034,16.919279244305276,"(1030.75, 629.0)","(1128.0, 635.5)",75.0,81.0,0.025,0.0458333333333333,0.0708333333333333,0.6470588235294117,1.443641832977551,0.0990558082928556,0.5660236096120683,18.735818598613346,"(933.0, 451.0)","(1042.75, 416.5)"
42,CA61,g24,1_00-02-03,5,3.3756,0.0147012990067802,,,,,,,,,,,,,87.0,,,,,,,,,,,"(748.25, 485.5)",89.0,,,,,,,,,,,"(847.25, 666.5)",,,,,,,,,,,,,82.0,88.0,0.025,0.0416666666666666,0.0666666666666666,0.625,1.1718299882853034,0.4159033216969244,1.3962796628530851,14.827041745128083,"(942.75, 660.25)","(1030.75, 629.0)",92.0,,,,,,,,,,,"(940.75, 449.5)"
43,CA61,g24,1_00-02-03,5,3.3756,0.0147012990067802,,,,,,,,,,,,,,,,,,,,,,,,,,,,,,,,,,,,,,,,,,,,,,,,,98.0,,,,,,,,,,,"(936.25, 692.75)",,,,,,,,,,,,
44,CA61,g24,1_00-00-49,5,3.3756,0.0147012990067802,7.0,13.0,0.025,0.0583333333333333,0.0833333333333333,0.7000000000000001,1.6710339691282494,0.0,1.8469631833627995,25.21318030846216,"(972.0, 531.75)","(1078.0, 463.0)",17.0,24.0,0.0291666666666666,0.0416666666666666,0.0708333333333333,0.5882352941176471,1.7508192039295674,0.0,1.1010981882527993,18.572069402559297,"(898.75, 407.5)","(1025.25, 368.5)",18.0,24.0,0.025,0.0541666666666666,0.0791666666666666,0.6842105263157895,2.3748703676141947,0.0,1.4101382040121293,19.87259066764559,"(1047.0, 644.0)","(1208.0, 564.5)",26.0,31.0,0.0208333333333333,0.0541666666666666,0.075,0.7222222222222223,1.833923711217766,0.0,1.2701424136199797,20.815892108488693,"(951.25, 330.25)","(1089.25, 316.75)",0.0,7.0,0.0291666666666666,0.025,0.0541666666666666,0.4615384615384615,0.8951388714405727,0.0,0.9974636183195428,26.93742465731003,"(1302.0, 541.5)","(1366.5, 521.0)",6.0,13.0,0.0291666666666666,0.0333333333333333,0.0625,0.5333333333333333,1.463961693535373,0.0,0.4570688222397315,28.58751898719414,"(1179.0, 323.0)","(1277.75, 273.0)"
45,CA61,g24,1_00-00-49,5,3.3756,0.0147012990067802,27.0,32.0,0.0208333333333333,0.0583333333333333,0.0791666666666666,0.736842105263158,1.8469631833627995,0.0,1.2486868541821672,20.592704272710854,"(843.75, 587.0)","(972.0, 531.75)",34.0,41.0,0.0291666666666666,0.0458333333333333,0.075,0.611111111111111,1.1010981882527993,0.0,1.4666291590626,21.305397287015595,"(815.5, 407.0)","(898.75, 407.5)",37.0,41.0,0.0166666666666666,0.0458333333333333,0.0625,0.7333333333333333,1.4101382040121293,0.1636654556449222,1.5444239256117036,21.100937714286587,"(942.0, 662.5)","(1047.0, 644.0)",44.0,49.0,0.0208333333333333,0.0541666666666666,0.075,0.7222222222222223,1.2701424136199797,0.0033065415295003,1.528595230947248,20.917423197340185,"(855.25, 327.75)","(951.25, 330.25)",13.0,18.0,0.0208333333333333,0.0416666666666666,0.0625,0.6666666666666666,0.9974636183195428,0.0,1.625786491143193,21.682394400381533,"(1227.25, 531.5)","(1302.0, 541.5)",21.0,25.0,0.0166666666666666,0.0375,0.0541666666666666,0.6923076923076923,0.4570688222397315,0.0947426570434916,1.4895336526542755,20.572047007168795,"(1149.5, 341.0)","(1179.0, 323.0)"
46,CA61,g24,1_00-00-49,5,3.3756,0.0147012990067802,46.0,51.0,0.0208333333333333,0.0416666666666666,0.0625,0.6666666666666666,1.2486868541821672,0.0,1.251743255788058,22.12705573394365,"(749.5, 592.5)","(843.75, 587.0)",52.0,57.0,0.0208333333333333,0.0416666666666666,0.0625,0.6666666666666666,1.4666291590626,0.0,1.5525964250550346,17.836954932234573,"(713.5, 363.5)","(815.5, 407.0)",52.0,57.0,0.0208333333333333,0.0541666666666666,0.075,0.7222222222222223,1.6918930360761812,0.0,1.5493431833869502,17.632242725689093,"(831.5, 624.75)","(954.25, 660.75)",62.0,67.0,0.0208333333333333,0.0416666666666666,0.0625,0.6666666666666666,1.5289277841824631,0.0,1.8381902726227304,21.16213031047105,"(740.25, 339.25)","(855.25, 327.5)",28.0,35.0,0.0291666666666666,0.0416666666666666,0.0708333333333333,0.5882352941176471,1.625786491143193,0.0,1.8681520715078523,20.866587580321244,"(1122.0, 595.0)","(1227.25, 531.5)",34.0,41.0,0.0291666666666666,0.0625,0.0916666666666666,0.6818181818181819,1.4299712192253464,0.0,1.286894748857478,20.563207587658304,"(1039.0, 362.75)","(1146.0, 347.25)"
47,CA61,g24,1_00-00-49,5,3.3756,0.0147012990067802,61.0,66.0,0.0208333333333333,0.0416666666666666,0.0625,0.6666666666666666,1.251743255788058,0.0,0.9338799589904896,20.166325443092088,"(655.5, 603.5)","(749.5, 592.5)",67.0,74.0,0.0291666666666666,0.0333333333333333,0.0625,0.5333333333333333,1.5525964250550346,0.0,1.104072982327429,24.284566454605585,"(605.5, 409.5)","(713.5, 363.5)",70.0,,,,,,,,,,,"(831.5, 624.75)",77.0,,,,,,,,,,,"(740.25, 339.25)",45.0,53.0,0.0333333333333333,0.0458333333333333,0.0791666666666666,0.5789473684210527,1.8681520715078523,0.0,1.4653948940211643,22.044346843954088,"(981.75, 578.25)","(1122.0, 595.0)",56.0,61.0,0.0208333333333333,0.0416666666666666,0.0625,0.6666666666666666,1.286894748857478,0.0,2.051615096204971,18.859603911258287,"(942.75, 377.0)","(1039.0, 362.75)"
48,CA61,g24,1_00-00-49,5,3.3756,0.0147012990067802,76.0,,,,,,,,,,,"(655.5, 603.5)",82.0,,,,,,,,,,,"(605.5, 409.5)",,,,,,,,,,,,,,,,,,,,,,,,,64.0,70.0,0.025,0.0416666666666666,0.0666666666666666,0.625,1.4653948940211643,0.0,1.259761947319997,22.180289452537945,"(871.75, 591.5)","(981.75, 578.25)",71.0,,,,,,,,,,,"(942.75, 377.0)"
49,CA61,g24,1_00-00-49,5,3.3756,0.0147012990067802,,,,,,,,,,,,,,,,,,,,,,,,,,,,,,,,,,,,,,,,,,,,,,,,,80.0,,,,,,,,,,,"(871.75, 591.5)",,,,,,,,,,,,
50,CA61,g24,1_00-01-30,5,3.3756,0.0147012990067802,17.0,22.0,0.0208333333333333,0.0541666666666666,0.075,0.7222222222222223,1.763869974786407,0.0,0.7015985487016367,22.878525320902018,"(1078.25, 657.75)","(1161.5, 545.0)",9.0,11.0,0.0083333333333333,0.0041666666666666,0.0125,0.3333333333333333,0.0,0.0,1.020927374667239,19.6909642711342,"(1105.25, 408.5)","(1105.25, 408.5)",10.0,15.0,0.0208333333333333,0.0583333333333333,0.0791666666666666,0.736842105263158,1.672549240357992,0.0,1.5421308813386194,24.00007053716289,"(1208.25, 617.75)","(1320.75, 547.0)",5.0,12.0,0.0291666666666666,0.0416666666666666,0.0708333333333333,0.5882352941176471,2.0829084226224244,0.3928226170493066,1.4009978077911729,23.843080653282804,"(1131.5, 366.25)","(1274.25, 282.5)",5.0,10.0,0.0208333333333333,0.0541666666666666,0.075,0.7222222222222223,0.4499660995658937,0.0,1.6021971063728129,24.504138727477464,"(1371.0, 518.25)","(1406.75, 517.75)",16.0,20.0,0.0166666666666666,0.0375,0.0541666666666666,0.6923076923076923,1.000595318723531,0.0,1.0089058614984965,23.17495407879381,"(1232.5, 361.75)","(1304.25, 327.5)"
51,CA61,g24,1_00-01-30,5,3.3756,0.0147012990067802,35.0,42.0,0.0291666666666666,0.025,0.0541666666666666,0.4615384615384615,0.7015985487016367,0.0,2.235449331652509,21.572873129003515,"(1031.75, 688.5)","(1078.25, 657.75)",12.0,16.0,0.0166666666666666,0.0416666666666666,0.0583333333333333,0.7142857142857142,1.020927374667239,0.0,1.2741305865855754,26.006223500607856,"(1036.0, 450.75)","(1105.25, 408.5)",29.0,35.0,0.025,0.0416666666666666,0.0666666666666666,0.625,1.5421308813386194,0.0,1.082096826081074,21.83739746418735,"(1119.75, 702.5)","(1208.25, 617.75)",22.0,27.0,0.0208333333333333,0.0458333333333333,0.0666666666666666,0.6875,1.78066878309362,0.0,0.8867958198791093,22.27846283636267,"(1043.75, 434.75)","(1149.5, 340.75)",23.0,29.0,0.025,0.0458333333333333,0.0708333333333333,0.6470588235294117,1.6021971063728129,0.1198078534667269,1.2506090966580583,22.300196010803106,"(1253.5, 567.25)","(1371.0, 518.25)",29.0,35.0,0.025,0.0416666666666666,0.0666666666666666,0.625,1.0089058614984965,0.0593644276616925,1.81076812285934,21.83739746418735,"(1178.5, 421.0)","(1232.5, 361.75)"
52,CA61,g24,1_00-01-30,5,3.3756,0.0147012990067802,48.0,55.0,0.0291666666666666,0.0416666666666666,0.0708333333333333,0.5882352941176471,2.235449331652509,0.0,1.3183369989477574,28.33912383922484,"(868.5, 758.5)","(1031.75, 688.5)",26.0,35.0,0.0375,0.0291666666666666,0.0666666666666666,0.4375,1.2741305865855754,0.0,1.1956137413175945,22.20154776915235,"(973.0, 530.0)","(1036.0, 450.75)",45.0,50.0,0.0208333333333333,0.0291666666666666,0.05,0.5833333333333333,1.082096826081074,0.0,1.6766310967186906,31.47138889256228,"(1035.0, 717.0)","(1119.75, 702.5)",38.0,41.0,0.0125,0.0541666666666666,0.0666666666666666,0.8125,0.8867958198791093,0.0,1.380698916867475,25.580880237564912,"(977.5, 458.75)","(1043.75, 434.75)",40.0,44.0,0.0166666666666666,0.0375,0.0541666666666666,0.6923076923076923,1.3531320926691632,0.1140075595218205,1.6107255226548518,22.72034338977023,"(1184.75, 639.0)","(1262.75, 565.0)",45.0,49.0,0.0166666666666666,0.05,0.0666666666666666,0.75,1.8694923803191448,0.0,1.5882656914128612,30.768000380395232,"(1046.5, 478.25)","(1182.5, 418.5)"
53,CA61,g24,1_00-01-30,5,3.3756,0.0147012990067802,65.0,70.0,0.0208333333333333,0.0416666666666666,0.0625,0.6666666666666666,1.3183369989477574,0.0,1.0349967784925371,23.418005139030093,"(784.25, 820.75)","(868.5, 758.5)",42.0,47.0,0.0208333333333333,0.0458333333333333,0.0666666666666666,0.6875,1.1956137413175945,0.0,1.9117674942602496,26.239872302772916,"(878.0, 530.5)","(973.0, 530.0)",57.0,64.0,0.0291666666666666,0.0416666666666666,0.0708333333333333,0.5882352941176471,1.6766310967186906,0.0,1.48879242986447,22.387261986751565,"(910.25, 763.75)","(1035.0, 717.0)",54.0,58.0,0.0166666666666666,0.0375,0.0541666666666666,0.6923076923076923,1.380698916867475,0.0,1.585330472256415,25.11291124074372,"(868.0, 465.5)","(977.5, 458.75)",53.0,59.0,0.025,0.0416666666666666,0.0666666666666666,0.625,1.6514642673231912,0.4320077320478235,1.257441340754797,24.57113749476218,"(1064.75, 683.5)","(1190.5, 646.0)",61.0,66.0,0.0208333333333333,0.0375,0.0583333333333333,0.6428571428571428,1.5882656914128612,0.0,1.767250913466553,21.353762756913238,"(922.75, 503.0)","(1046.5, 478.25)"
54,CA61,g24,1_00-01-30,5,3.3756,0.0147012990067802,80.0,,,,,,,,,,,"(784.25, 820.75)",58.0,63.0,0.0208333333333333,0.0416666666666666,0.0625,0.6666666666666666,1.9117674942602496,0.0,1.6018448902568538,24.296894157627825,"(728.25, 556.0)","(878.0, 530.5)",74.0,,,,,,,,,,,"(910.25, 763.75)",67.0,71.0,0.0166666666666666,0.0416666666666666,0.0583333333333333,0.7142857142857142,1.585330472256415,0.0,1.6237207124148678,24.79962997535634,"(768.5, 542.75)","(868.0, 465.5)",69.0,74.0,0.0208333333333333,0.0375,0.0583333333333333,0.6428571428571428,0.9307224768248687,0.0943892512037775,1.2006578240566854,25.38213898115514,"(965.5, 695.0)","(1034.25, 667.75)",75.0,80.0,0.0208333333333333,0.0333333333333333,0.0541666666666666,0.6153846153846153,1.767250913466553,0.0,0.1390796425372104,23.23108228660701,"(790.25, 549.5)","(922.75, 503.0)"
55,CA61,g24,1_00-01-30,5,3.3756,0.0147012990067802,,,,,,,,,,,,,73.0,78.0,0.0208333333333333,0.0375,0.0583333333333333,0.6428571428571428,1.6018448902568538,0.0,0.9232418267590448,21.72304125082874,"(638.5, 646.25)","(728.25, 556.0)",,,,,,,,,,,,,81.0,,,,,,,,,,,"(768.5, 542.75)",83.0,,,,,,,,,,,"(973.0, 695.0)",88.0,,,,,,,,,,,"(790.25, 549.5)"
56,CA61,g24,1_00-01-30,5,3.3756,0.0147012990067802,,,,,,,,,,,,,87.0,,,,,,,,,,,"(638.5, 646.25)",,,,,,,,,,,,,,,,,,,,,,,,,,,,,,,,,,,,,,,,,,,,,,,,
57,CA61,g24,1_00-01-14,5,3.3756,0.0147012990067802,7.0,13.0,0.025,0.0541666666666666,0.0791666666666666,0.6842105263157895,1.711810196913444,0.4768762413527791,1.0100939019084956,20.06386942648205,"(922.0, 548.75)","(956.0, 681.0)",19.0,24.0,0.0208333333333333,0.025,0.0458333333333333,0.5454545454545455,1.8424025181770547,0.0,0.839221825574879,15.136262347855702,"(1091.0, 728.5)","(957.75, 790.5)",20.0,25.0,0.0208333333333333,0.0416666666666666,0.0625,0.6666666666666666,0.966178899245256,0.0,1.1774792425182377,15.313004999435352,"(889.75, 575.75)","(819.75, 608.0)",12.0,18.0,0.025,0.0583333333333333,0.0833333333333333,0.7000000000000001,1.663079373669491,0.0,1.4117786730355473,17.86198587628834,"(956.75, 804.25)","(840.0, 867.25)",15.0,20.0,0.0208333333333333,0.0458333333333333,0.0666666666666666,0.6875,0.8102098672821576,0.0,1.069771702968534,16.17811211192027,"(725.75, 645.0)","(663.75, 626.75)",10.0,14.0,0.0166666666666666,0.05,0.0666666666666666,0.75,1.3373169983652746,0.0,1.0961463392179882,21.663552068883455,"(810.0, 828.5)","(706.0, 852.25)"
58,CA61,g24,1_00-01-14,5,3.3756,0.0147012990067802,26.0,31.0,0.0208333333333333,0.0583333333333333,0.0791666666666666,0.736842105263158,1.412216911639678,0.0,1.5980439670679425,16.569404867160305,"(1001.75, 537.25)","(896.25, 576.75)",30.0,34.0,0.0166666666666666,0.0083333333333333,0.025,0.3333333333333333,0.839221825574879,0.0,1.285732313857667,18.804132396135376,"(1065.75, 666.5)","(1091.0, 728.5)",35.0,41.0,0.025,0.0583333333333333,0.0833333333333333,0.7000000000000001,1.1774792425182377,0.0,1.0711021911200578,19.42888239981924,"(977.5, 542.25)","(889.75, 575.75)",32.0,35.0,0.0125,0.0541666666666666,0.0666666666666666,0.8125,1.4117786730355473,0.0,2.094626643045995,18.502970072121315,"(1066.5, 779.0)","(956.75, 804.25)",31.0,36.0,0.0208333333333333,0.05,0.0708333333333333,0.7058823529411765,1.069771702968534,0.0,1.0406699480381805,18.35480429870668,"(809.0, 626.25)","(725.75, 645.0)",26.0,29.0,0.0125,0.05,0.0625,0.8,1.0961463392179882,0.0,1.3528125229941104,17.32325927207101,"(897.25, 822.75)","(810.0, 828.5)"
59,CA61,g24,1_00-01-14,5,3.3756,0.0147012990067802,45.0,,,,,,,,,,,"(1001.75, 537.25)",36.0,42.0,0.025,0.0416666666666666,0.0666666666666666,0.625,1.285732313857667,0.0,1.5663841031870247,19.19311550242826,"(1163.75, 636.25)","(1065.75, 666.5)",55.0,,,,,,,,,,,"(977.5, 542.25)",48.0,,,,,,,,,,,"(1066.5, 779.0)",48.0,,,,,,,,,,,"(809.0, 626.25)",41.0,45.0,0.0166666666666666,0.0416666666666666,0.0583333333333333,0.7142857142857142,1.3528125229941104,0.0,1.3623446483461423,17.55454342921347,"(999.5, 788.25)","(897.25, 822.75)"
60,CA61,g24,1_00-01-14,5,3.3756,0.0147012990067802,,,,,,,,,,,,,52.0,,,,,,,,,,,"(1163.75, 636.25)",,,,,,,,,,,,,,,,,,,,,,,,,,,,,,,,,,,,,55.0,,,,,,,,,,,"(999.5, 788.25)"
61,CA40,g24,2_00-01-22,5,3.56,0.0135869565217391,19.0,24.0,0.0208333333333333,0.0666666666666666,0.0875,0.761904761904762,1.7994782494019168,0.0,2.062519407799741,17.72069990382829,"(314.833, 896.833)","(346.5, 1033.167)",4.0,8.0,0.0166666666666666,0.0833333333333333,0.1,0.8333333333333333,1.555826637924516,0.0,1.4903615491696232,17.13041710830987,"(519.167, 860.167)","(537.167, 979.833)",12.0,16.0,0.0166666666666666,0.05,0.0666666666666666,0.75,1.1653420229174896,0.0,1.5334096736791685,15.282807474537632,"(346.833, 1101.833)","(388.167, 1182.5)",19.0,24.0,0.0208333333333333,0.0541666666666666,0.075,0.7222222222222223,1.375320018524893,0.0,1.2030377511463668,16.485218520848626,"(639.833, 882.167)","(656.5, 987.833)",4.0,8.0,0.0166666666666666,0.0458333333333333,0.0625,0.7333333333333333,1.0714209992208734,0.1289172704805691,0.7942116334009,20.94794485879305,"(509.167, 1230.167)","(541.833, 1306.833)",6.0,13.0,0.0291666666666666,0.0708333333333333,0.1,0.7083333333333333,1.3321801217511533,0.0,1.4002520089987254,15.57793475383991,"(697.167, 1074.5)","(704.833, 1177.833)"
62,CA40,g24,2_00-01-22,5,3.56,0.0135869565217391,40.0,45.0,0.0208333333333333,0.0666666666666666,0.0875,0.761904761904762,2.062519407799741,0.0,0.4162526325064254,18.68150509272752,"(333.5, 737.5)","(314.833, 896.833)",28.0,32.0,0.0166666666666666,0.0708333333333333,0.0875,0.8095238095238095,1.4903615491696232,0.0,1.590868377202247,21.809764173270512,"(502.167, 745.5)","(519.167, 860.167)",28.0,35.0,0.0291666666666666,0.0458333333333333,0.075,0.611111111111111,1.5334096736791685,0.0,1.8643065356219315,22.164093267736437,"(305.833, 989.833)","(346.833, 1101.833)",37.0,43.0,0.025,0.0541666666666666,0.0791666666666666,0.6842105263157895,1.2030377511463668,0.0,0.0171509385446137,19.46446705739116,"(629.5, 789.167)","(639.833, 882.167)",19.0,22.0,0.0125,0.05,0.0625,0.8,0.8340538641674354,0.1545876602897356,1.7470440401114296,14.702036213077406,"(479.167, 1176.167)","(518.833, 1227.5)",30.0,37.0,0.0291666666666666,0.0458333333333333,0.075,0.611111111111111,1.4002520089987254,0.0749672395840228,0.9377622153177076,22.33118240436385,"(607.167, 1013.167)","(697.167, 1074.5)"
63,CA40,g24,2_00-01-22,5,3.56,0.0135869565217391,61.0,63.0,0.0083333333333333,0.025,0.0333333333333333,0.75,0.4162526325064254,0.0,0.8842164318828574,4.397693848415292,"(317.833, 709.167)","(333.5, 737.5)",49.0,,,,,,,,,,,"(502.167, 745.5)",46.0,50.0,0.0166666666666666,0.05,0.0666666666666666,0.75,1.8643065356219315,0.0595351853316124,0.4603372021076923,16.645676750095205,"(286.167, 846.167)","(305.833, 989.833)",56.0,58.0,0.0083333333333333,0.0541666666666666,0.0625,0.8666666666666667,0.0171509385446137,0.0,0.6060790589299093,8.883650452739186,"(629.5, 787.833)","(629.5, 789.167)",34.0,45.0,0.0458333333333333,0.0291666666666666,0.075,0.3888888888888889,1.6107441258283184,0.0,2.133881947620711,21.123403515212978,"(434.5, 1047.833)","(470.5, 1167.833)",48.0,54.0,0.025,0.0375,0.0625,0.6,0.9962231521141964,0.0,0.8511176547411266,15.768592766664376,"(595.5, 941.167)","(604.167, 1018.167)"
64,CA40,g24,2_00-01-22,5,3.56,0.0135869565217391,69.0,,,,,,,,,,,"(317.833, 709.167)",,,,,,,,,,,,,62.0,,,,,,,,,,,"(290.167, 848.5)",71.0,,,,,,,,,,,"(629.5, 787.833)",52.0,,,,,,,,,,,"(434.5, 1047.833)",63.0,,,,,,,,,,,"(595.5, 941.167)"
65,CA40,g24,2_00-00-17,5,3.56,0.0135869565217391,7.0,14.0,0.0291666666666666,0.0791666666666666,0.1083333333333333,0.7307692307692307,1.422360690765852,0.0,1.0060036285855958,9.98860814583766,"(585.5, 1054.167)","(479.5, 1084.833)",14.0,26.0,0.05,0.0875,0.1375,0.6363636363636362,3.174026678046809,0.0,1.2797587581881602,7.613561322457785,"(510.25, 1177.25)","(266.0, 1146.0)",44.0,47.0,0.0125,0.0958333333333333,0.1083333333333333,0.8846153846153847,0.4962665360720111,0.1957937657327967,0.0,9.775601594190857,"(557.833, 935.5)","(557.667, 897.0)",12.0,18.0,0.025,0.0583333333333333,0.0833333333333333,0.7000000000000001,1.6909435426138195,0.3952951791698881,1.7348022810708137,8.609048144103346,"(275.5, 1111.167)","(216.833, 993.833)",36.0,39.0,0.0125,0.1,0.1125,0.888888888888889,0.699598662628526,0.4436179601519299,0.8232489217617014,9.197911917472684,"(406.167, 869.833)","(454.167, 844.5)",8.0,10.0,0.0083333333333333,0.05,0.0583333333333333,0.8571428571428572,0.3859414184166941,0.1614473568936436,1.1067882506607003,12.187867500963293,"(208.167, 952.167)","(202.167, 922.833)"
66,CA40,g24,2_00-00-17,5,3.56,0.0135869565217391,33.0,39.0,0.025,0.1,0.125,0.8,1.0060036285855958,0.0,1.4975624315258649,8.873378476263186,"(630.167, 1118.167)","(585.5, 1054.167)",47.0,52.0,0.0208333333333333,0.1166666666666666,0.1375,0.8484848484848484,1.2797587581881602,0.0,2.505716005125569,13.77042018777373,"(598.75, 1222.25)","(510.25, 1177.25)",70.0,,,,,,,,,,,"(543.25, 931.25)",32.0,40.0,0.0333333333333333,0.1,0.1333333333333333,0.75,2.034035923821021,0.0,0.9156340715625796,8.96980170391999,"(370.5, 1206.5)","(275.5, 1080.5)",63.0,70.0,0.0291666666666666,0.0291666666666666,0.0583333333333333,0.5,0.8285722443922762,0.0,0.7492752600300867,22.541952217294288,"(457.5, 907.833)","(393.5, 901.833)",22.0,27.0,0.0208333333333333,0.1083333333333333,0.1291666666666666,0.8387096774193548,0.945411254618125,0.0,1.145247488794807,7.638100104643421,"(246.833, 1028.833)","(213.5, 963.5)"
67,CA40,g24,2_00-00-17,5,3.56,0.0135869565217391,63.0,66.0,0.0125,0.1,0.1125,0.888888888888889,1.4975624315258649,0.0192190048423712,1.6554061610060151,14.69944579805914,"(707.167, 1031.167)","(630.167, 1118.167)",80.0,,,,,,,,,,,"(598.75, 1222.25)",,,,,,,,,,,,,64.0,,,,,,,,,,,"(370.5, 1206.5)",77.0,82.0,0.0208333333333333,0.0625,0.0833333333333333,0.75,0.7492752600300867,0.1463342493593864,0.5300656680265876,7.236758480729791,"(511.167, 930.167)","(457.5, 907.833)",53.0,57.0,0.0166666666666666,0.05,0.0666666666666666,0.75,1.145247488794807,0.0,2.1359571667213477,9.74524674637341,"(295.5, 1103.167)","(246.833, 1028.833)"
68,CA40,g24,2_00-00-17,5,3.56,0.0135869565217391,90.0,,,,,,,,,,,"(707.833, 1029.833)",,,,,,,,,,,,,,,,,,,,,,,,,,,,,,,,,,,,,97.0,,,,,,,,,,,"(510.5, 941.5)",69.0,,,,,,,,,,,"(295.5, 1103.167)"
69,CA62,g24,1_00-00-14,2,2.8657,0.0128930278373364,4.0,10.0,0.025,0.0333333333333333,0.0583333333333333,0.5714285714285714,1.177623132493767,0.0,1.78780716291911,23.7757419220046,"(1091.25, 489.75)","(1187.5, 506.25)",10.0,16.0,0.025,0.0375,0.0625,0.6,1.052889056023138,0.0,1.488881793165008,30.078098710084447,"(1073.75, 250.25)","(1123.5, 322.0)",13.0,18.0,0.0208333333333333,0.0375,0.0583333333333333,0.6428571428571428,1.8915404827007816,0.0,1.0791281927517038,28.618950850271307,"(1120.75, 548.25)","(1270.0, 500.0)",19.0,24.0,0.0208333333333333,0.0375,0.0583333333333333,0.6428571428571428,1.6542563982768732,0.0,0.6849598253367308,24.268537356780435,"(1108.0, 252.5)","(1245.0, 259.5)",10.0,14.0,0.0166666666666666,0.0291666666666666,0.0458333333333333,0.6363636363636365,1.054622733230892,0.1478166417500607,1.7691410072825615,30.9555120178573,"(1317.75, 468.0)","(1401.25, 442.0)",6.0,8.0,0.0083333333333333,0.025,0.0333333333333333,0.75,0.0067412603768834,0.2699872676927153,1.9560275504700897,24.965027065401912,"(1407.75, 270.75)","(1408.25, 270.5)"
70,CA62,g24,1_00-00-14,2,2.8657,0.0128930278373364,18.0,23.0,0.0208333333333333,0.0333333333333333,0.0541666666666666,0.6153846153846153,1.78780716291911,0.3087762181610393,1.18527385049649,26.38425599814078,"(943.0, 490.75)","(1091.25, 489.75)",25.0,29.0,0.0166666666666666,0.0375,0.0541666666666666,0.6923076923076923,1.488881793165008,0.0,0.9713264968519284,16.546677990829274,"(953.0, 224.5)","(1073.75, 250.25)",27.0,31.0,0.0166666666666666,0.025,0.0416666666666666,0.6000000000000001,1.0791281927517038,0.1304743038466367,1.902127579221792,17.539137585159384,"(1033.25, 529.5)","(1120.75, 548.25)",33.0,36.0,0.0125,0.0375,0.05,0.7499999999999999,0.6849598253367308,0.0961427579424585,0.6849598253367308,21.03134950777429,"(1062.5, 218.5)","(1108.0, 252.5)",21.0,27.0,0.025,0.0291666666666666,0.0541666666666666,0.5384615384615384,1.7149109219307856,0.0,0.8936887635795288,21.275162032898624,"(1174.25, 498.5)","(1315.25, 480.0)",14.0,19.0,0.0208333333333333,0.0375,0.0583333333333333,0.6428571428571428,1.6875921020101183,0.0,0.7482738286018709,29.93668376682985,"(1259.25, 336.0)","(1388.25, 281.75)"
71,CA62,g24,1_00-00-14,2,2.8657,0.0128930278373364,31.0,35.0,0.0166666666666666,0.0333333333333333,0.05,0.6666666666666666,1.4932158035033034,0.0,1.4159086275500026,18.53344005193929,"(852.25, 453.0)","(965.75, 502.5)",38.0,,,,,,,,,,,"(953.0, 224.5)",37.0,,,,,,,,,,,"(1025.0, 536.5)",45.0,,,,,,,,,,,"(1068.5, 223.75)",34.0,38.0,0.0166666666666666,0.0291666666666666,0.0458333333333333,0.6363636363636365,0.8936887635795288,0.061858181364187,1.3314148854310452,20.87570438826876,"(1101.0, 487.25)","(1174.25, 498.5)",28.0,31.0,0.0125,0.0333333333333333,0.0458333333333333,0.7272727272727273,0.7482738286018709,0.0,1.1729986768556313,14.886563122174794,"(1197.25, 333.5)","(1259.25, 336.0)"
72,CA62,g24,1_00-00-14,2,2.8657,0.0128930278373364,43.0,,,,,,,,,,,"(852.25, 453.0)",,,,,,,,,,,,,,,,,,,,,,,,,,,,,,,,,,,,,45.0,,,,,,,,,,,"(1097.25, 483.75)",39.0,,,,,,,,,,,"(1197.25, 333.5)"
73,CA62,g24,3_00-01-37,2,2.8657,0.0128930278373364,1.0,6.0,0.0208333333333333,0.0375,0.0583333333333333,0.6428571428571428,1.0304551273189482,0.0,1.5742597662693818,30.862479407526948,"(1107.75, 539.75)","(1175.5, 491.25)",7.0,12.0,0.0208333333333333,0.0375,0.0583333333333333,0.6428571428571428,1.8811121567343376,0.0,1.382730173993184,32.00765158882054,"(946.0, 349.5)","(1083.75, 285.0)",8.0,13.0,0.0208333333333333,0.0416666666666666,0.0625,0.6666666666666666,1.925379912240588,0.0,1.3054486700937873,31.214864004672727,"(1159.0, 581.25)","(1300.0, 515.25)",0.0,4.0,0.0166666666666666,0.0416666666666666,0.0583333333333333,0.7142857142857142,1.2165123409776553,0.1271043359413692,2.101252781196761,30.436076756639533,"(1153.75, 221.0)","(1250.5, 203.25)",3.0,8.0,0.0208333333333333,0.0333333333333333,0.0541666666666666,0.6153846153846153,1.1070212175018337,0.0,1.686039639229511,32.728171854005495,"(1340.25, 428.5)","(1423.75, 396.25)",9.0,13.0,0.0166666666666666,0.0375,0.0541666666666666,0.6923076923076923,1.3538305654751324,0.0,1.8050891794776325,32.39255510977358,"(1219.25, 288.0)","(1320.75, 247.0)"
74,CA62,g24,3_00-01-37,2,2.8657,0.0128930278373364,15.0,20.0,0.0208333333333333,0.0333333333333333,0.0541666666666666,0.6153846153846153,1.5742597662693818,0.0,1.3079798877393385,27.276655372823427,"(997.0, 602.5)","(1107.75, 539.75)",21.0,26.0,0.0208333333333333,0.0291666666666666,0.05,0.5833333333333333,1.382730173993184,0.1495632667447602,1.6028797630776537,28.252313061625458,"(851.5, 409.25)","(946.0, 349.5)",23.0,27.0,0.0166666666666666,0.0416666666666666,0.0583333333333333,0.7142857142857142,1.3054486700937873,0.1396813796789002,1.277708264050211,26.60833644883812,"(1067.0, 633.0)","(1159.0, 581.25)",14.0,19.0,0.0208333333333333,0.0333333333333333,0.0541666666666666,0.6153846153846153,2.213785519536532,0.0,1.8353814442278644,28.400903564909903,"(1010.75, 312.75)","(1164.0, 220.25)",16.0,22.0,0.025,0.0291666666666666,0.0541666666666666,0.5384615384615384,1.686039639229511,0.0,1.4919754007265678,27.315090532512794,"(1214.75, 481.75)","(1340.25, 428.5)",22.0,27.0,0.0208333333333333,0.0291666666666666,0.05,0.5833333333333333,1.8050891794776325,0.0,0.9418700816077454,28.505356480783863,"(1090.5, 356.75)","(1219.25, 288.0)"
75,CA62,g24,3_00-01-37,2,2.8657,0.0128930278373364,28.0,33.0,0.0208333333333333,0.0375,0.0583333333333333,0.6428571428571428,1.3079798877393385,0.0,1.3972277836261382,27.734688099764373,"(927.25, 682.0)","(997.0, 602.5)",33.0,38.0,0.0208333333333333,0.0458333333333333,0.0666666666666666,0.6875,1.714970943768533,0.0,1.585474939677768,25.726821581002373,"(768.75, 509.0)","(863.5, 407.75)",37.0,41.0,0.0166666666666666,0.0416666666666666,0.0583333333333333,0.7142857142857142,1.3694443192064714,0.0,1.2915784670719992,26.790157917521853,"(981.0, 690.25)","(1068.0, 621.75)",27.0,32.0,0.0208333333333333,0.0291666666666666,0.05,0.5833333333333333,1.8353814442278644,0.0,1.086815850037118,26.282313312362167,"(894.5, 405.0)","(1010.75, 312.75)",29.0,34.0,0.0208333333333333,0.0416666666666666,0.0625,0.6666666666666666,1.4919754007265678,0.0,1.5308886087346574,25.7488317715623,"(1103.75, 529.0)","(1214.75, 481.75)",34.0,39.0,0.0208333333333333,0.025,0.0458333333333333,0.5454545454545455,0.9418700816077454,0.0649286403324346,1.3734796305426888,22.10410841028519,"(1024.5, 394.75)","(1090.5, 356.75)"
76,CA62,g24,3_00-01-37,2,2.8657,0.0128930278373364,42.0,,,,,,,,,,,"(927.25, 682.0)",49.0,,,,,,,,,,,"(768.75, 509.0)",51.0,,,,,,,,,,,"(981.0, 690.25)",39.0,,,,,,,,,,,"(894.5, 405.0)",44.0,,,,,,,,,,,"(1103.75, 529.0)",45.0,,,,,,,,,,,"(1024.5, 389.5)"
77,CA62,g24,3_00-01-20,2,2.8657,0.0128930278373364,5.0,10.0,0.0208333333333333,0.0375,0.0583333333333333,0.6428571428571428,2.73969753297093,0.0,0.6406525482491422,23.7067772539932,"(1167.25, 466.0)","(1027.5, 301.5)",12.0,18.0,0.025,0.0333333333333333,0.0583333333333333,0.5714285714285714,1.547071266072197,0.0856758811605718,1.1898708662918556,20.798874069910998,"(1046.25, 655.0)","(998.75, 542.75)",11.0,16.0,0.0208333333333333,0.0583333333333333,0.0791666666666666,0.736842105263158,2.4345080563339057,0.0,0.6629594104412936,21.470040686696716,"(1129.0, 388.5)","(976.25, 272.5)",6.0,10.0,0.0166666666666666,0.0375,0.0541666666666666,0.6923076923076923,0.7210944241191293,0.0228821320440741,1.6227958010461367,24.025680684176688,"(869.0, 566.5)","(820.0, 537.75)",5.0,9.0,0.0166666666666666,0.0541666666666666,0.0708333333333333,0.7647058823529412,1.6417615423613814,0.0,1.456735379356664,22.68947899480377,"(921.5, 298.0)","(796.5, 264.75)",12.0,17.0,0.0208333333333333,0.0458333333333333,0.0666666666666666,0.6875,1.3893242191483357,0.0,1.8846583625398416,21.58229526717795,"(855.0, 475.0)","(756.75, 426.75)"
78,CA62,g24,3_00-01-20,2,2.8657,0.0128930278373364,19.0,25.0,0.025,0.0458333333333333,0.0708333333333333,0.6470588235294117,0.6406525482491422,0.0,1.73754177480622,27.558359272780827,"(1214.5, 483.75)","(1167.25, 466.0)",26.0,31.0,0.0208333333333333,0.0458333333333333,0.0666666666666666,0.6875,1.2092483631014432,0.0,1.266782891801389,33.46345945727367,"(1138.25, 673.0)","(1046.25, 648.25)",30.0,33.0,0.0125,0.0458333333333333,0.0583333333333333,0.7857142857142857,0.6629594104412936,0.0,0.7799378857821003,37.50075385953588,"(1179.25, 402.75)","(1129.0, 388.5)",19.0,24.0,0.0208333333333333,0.0458333333333333,0.0666666666666666,0.6875,1.6219144842523887,0.1111066493369422,1.6866821501843845,26.95711858642805,"(978.5, 632.5)","(870.0, 565.0)",22.0,27.0,0.0208333333333333,0.0333333333333333,0.0541666666666666,0.6153846153846153,1.456735379356664,0.0,1.5783345078238402,29.12381636174876,"(997.5, 384.0)","(921.5, 298.0)",28.0,33.0,0.0208333333333333,0.0458333333333333,0.0666666666666666,0.6875,1.8846583625398416,0.0,1.3405252353632493,35.11524209041365,"(981.5, 552.75)","(855.0, 475.0)"
79,CA62,g24,3_00-01-20,2,2.8657,0.0128930278373364,36.0,,,,,,,,,,,"(1214.5, 483.75)",42.0,,,,,,,,,,,"(1138.25, 673.0)",44.0,,,,,,,,,,,"(1179.25, 402.75)",35.0,,,,,,,,,,,"(978.25, 623.75)",35.0,,,,,,,,,,,"(997.5, 384.0)",44.0,,,,,,,,,,,"(981.5, 552.75)"
